V = 1;
C = 10*(10^-6);
R = 10;
