V = 2;
C = 10*(10^-6);
R = 10;
